000003
075924
025158
016493
026153
032201
043704
076869
344610
000307
365774
011728
019302
059515
090646
052365
073705
090733
040792
046170
052358
055809
090743
201482
205261
219420
018036
073709
062443
062497
062504
062515
062518
062609
062734
067791
074378
074380
074384
076931
089720
207771
207784
214640
217518
217521
225941
226055
226073
238688
238689
238712
238722
238734
238745
062536
062737
064857
064870
074346
074357
076882
076965
076968
082428
082451
082453
089633
089673
089676
207715
207735
207738
207741
207800
214572
225948
226031
238724
238839
089672
207722
062736
064858
064050
082367
225956
093243
079268
075986
089864
089913
054701
054997
055113
055114
055115
055481
061199
062100
062103
062926
063104
093240
218268
218312
218313
078183
078185
078187
079262
079273
080357
089931
089932
089936
089937
093147
093153
093157
093158
093165
093168
093170
093172
093173
093174
093175
093177
093187
093188
093189
093190
093191
093192
093199
093208
093209
093214
093215
093216
093223
093225
093227
093229
093231
093232
093181
266478
250919
219206
